Host-name=AP6
Guest=H3K4 H3K4ac H3K4me1 H3K4me2 H3K4me3 H3K9me3 H3R2me2a H3R2me2s
Indicator-direct=0.25e-6
Host-comp=5.0e-7
Indicator-comp=0.25e-6
Host-direct=0 0.25 0.5 0.75 1 5
H3K4=0 0.5 1.5 10 25 50
H3K4ac=0 0.5 1.5 10 25 50
H3K4me1=0 0.5 1.5 10 25 50
H3K4me2=0 0.5 1.5 10 25 50
H3K4me3=0 0.5 1.5 10 25 50
H3K9me3=0 0.5 1.5 10 25 50
H3R2me2a=0 0.5 1.5 10 25 50
H3R2me2s=0 0.5 1.5 10 25 50
394.036	39.984	39.493	50.584	67.387	91.107	143.262	47.362	118.075	291.381	324.147	341.742
397.329	39.934	39.619	44.51	75.016	101.653	138.931	46.222	118.155	288.044	330.347	349.454
400.583	394.437	39.897	42.278	52.61	64.42	84.57	51.003	74.23	196.027	278.836	294.257
62.823	61.716	42.352	45.566	50.998	68.725	85.346	54.584	77.92	204.841	266.118	306.472
42.387	41.779	45.304	53.508	131.691	206.615	250.351	47.011	71.515	197.512	266.546	308.223
37.675	36.079	42.569	53.745	127.569	202.203	244.284	47.296	69.965	192.933	260.234	301.228
35.606	37.213	45.085	134.899	318.667	349.703	360.495	48.737	52.8	102.519	157.481	215.722
34.202	37.502	44.961	139.535	312.776	344.893	348.734	44.414	52.029	101.577	152.876	203.507