Host-name=AP1
Guest=H3K4 H3K4ac H3K4me1 H3K4me2 H3K4me3 H3K9me3 H3R2me2a H3R2me2s
Indicator-direct=0.25e-6
Host-comp=5.0e-7
Indicator-comp=0.25e-6
Host-direct=0 0.25 0.5 0.75 1 5
H3K4=0 0.5 1.5 10 25 50
H3K4ac=0 0.5 1.5 10 25 50
H3K4me1=0 0.5 1.5 10 25 50
H3K4me2=0 0.5 1.5 10 25 50
H3K4me3=0 0.5 1.5 10 25 50
H3K9me3=0 0.5 1.5 10 25 50
H3R2me2a=0 0.5 1.5 10 25 50
H3R2me2s=0 0.5 1.5 10 25 50
403.847	79.189	77.898	80.151	138.045	136.26	251.81	92.321	210.731	357.125	367.539	367.475
416.802	78.92	76.566	80.669	138.305	137.815	241.703	92.081	210.222	356.101	364.475	380.122
405.742	401.397	79.702	81.729	109.161	123.367	136.564	114.185	180.279	318.61	347.04	354.939
160.536	197.004	86.582	81.444	110.469	125.017	145.12	115.536	179.351	319.438	345.671	363.303
85.856	83.959	82.184	96.924	249.015	312.405	335.777	90.944	149.358	320.861	368.069	363.223
60.82	59.904	82.392	96.772	252.239	314.741	339.188	89.92	147.625	316.289	357.741	363.75
49.84	49.502	81.771	266.322	362.938	371.252	356.209	82.231	100.908	222.615	284.629	327.588
28.469	28.477	80.899	261.813	363.746	373.89	359.76	82.448	99.823	222.821	288.354	319.416