Host-name=AP5
Guest=H3K4 H3K4ac H3K4me1 H3K4me2 H3K4me3 H3K9me3 H3R2me2a H3R2me2s
Indicator-direct=0.25e-6
Host-comp=5.0e-7
Indicator-comp=0.25e-6
Host-direct=0 0.25 0.5 0.75 1 5
H3K4=0 0.5 1.5 10 25 50
H3K4ac=0 0.5 1.5 10 25 50
H3K4me1=0 0.5 1.5 10 25 50
H3K4me2=0 0.5 1.5 10 25 50
H3K4me3=0 0.5 1.5 10 25 50
H3K9me3=0 0.5 1.5 10 25 50
H3R2me2a=0 0.5 1.5 10 25 50
H3R2me2s=0 0.5 1.5 10 25 50
711.257	110.756	119.641	123.279	187.362	243.958	301.307	184.657	302.907	514.225	570.422	569.12
718.929	115.472	115.774	126.296	184.242	244.547	304.45	219.186	333.173	511.961	572.104	570.519
767.312	763.668	114.952	119.688	147.289	180.849	222.189	211.754	248.499	444.295	510.185	529.161
265.048	272.893	113.09	118.123	149.058	177.945	214.517	160.451	228.043	430.871	552.258	543.075
124.706	134.606	133.595	103.23	336.743	413.548	469.97	139.469	202.252	375.452	462.76	506.115
91.406	90.217	134.395	107.366	338.506	412.109	472.364	146.202	184.21	378.853	472.338	507.226
71.849	70.717	169.138	243.309	462.842	533.046	562.977	134.809	147.25	267.305	345.783	415.394
38.767	33.795	161.456	241.786	460.079	536.386	654.701	127.753	148.609	264.252	339.667	409.569