Host-name=AM2
Guest=H3K4 H3K4ac H3K4me1 H3K4me2 H3K4me3 H3K9me3 H3R2me2a H3R2me2s
Indicator-direct=0.25e-6
Host-comp=5.0e-7
Indicator-comp=0.25e-6
Host-direct=0 0.25 0.5 0.75 1 5
H3K4=0 0.5 1.5 10 25 50
H3K4ac=0 0.5 1.5 10 25 50
H3K4me1=0 0.5 1.5 10 25 50
H3K4me2=0 0.5 1.5 10 25 50
H3K4me3=0 0.5 1.5 10 25 50
H3K9me3=0 0.5 1.5 10 25 50
H3R2me2a=0 0.5 1.5 10 25 50
H3R2me2s=0 0.5 1.5 10 25 50
701.237	109.394	122.805	139.397	256.102	437.922	438.367	277.738	399.126	608.124	765.283	620.742
688.449	109.461	121.871	140.851	260.977	374.715	444.032	273.997	500.181	644.835	668.084	623.756
484.004	544.346	115.901	122.818	175.89	245.136	341.647	201.626	333.667	619.271	683.826	603.959
182.459	178.865	125.695	128.234	199.38	288.413	319.461	201.52	310.925	546.682	592.794	625.13
85.589	83.878	158.692	205.971	422.101	525.807	573.076	190.936	268.731	516.135	592.198	624.173
56.621	58.182	150.313	216.125	428.481	537.95	585.528	189.489	276.475	521.206	604.419	619.504
48.021	48.621	217.593	345.858	570.079	621.709	641.815	145.303	184.036	382.775	482.288	561.644
30.251	30.746	202.479	316.506	548.584	665.121	651.181	195.208	194.429	379.152	487.202	652.173