Host-name=AP4
Guest=H3K4 H3K4ac H3K4me1 H3K4me2 H3K4me3 H3K9me3 H3R2me2a H3R2me2s
Indicator-direct=0.25e-6
Host-comp=5.0e-7
Indicator-comp=0.25e-6
Host-direct=0 0.25 0.5 0.75 1 5
H3K4=0 0.5 1.5 10 25 50
H3K4ac=0 0.5 1.5 10 25 50
H3K4me1=0 0.5 1.5 10 25 50
H3K4me2=0 0.5 1.5 10 25 50
H3K4me3=0 0.5 1.5 10 25 50
H3K9me3=0 0.5 1.5 10 25 50
H3R2me2a=0 0.5 1.5 10 25 50
H3R2me2s=0 0.5 1.5 10 25 50
466.536	100.682	107.359	115.406	162.132	208.92	241.477	180.505	242.731	354.098	386.964	390.252
454.027	105.379	113.952	138.974	170.194	223.591	248.861	190.32	261.697	361.728	397.238	398.875
485.092	430.597	105.033	105.721	134.053	165.792	191.636	145.089	198.357	327.599	356.7	368.362
232.812	226.604	111.58	110.945	142.162	185.402	210.258	164.37	203.144	323.802	363.272	382.823
130.47	134.657	126.517	154.872	258.153	306.529	341.287	125.742	159.221	277.231	333.993	358.769
92.322	90.73	125.743	147.614	258.625	306.663	339.883	124.978	153.895	269.638	332.503	356.768
83.581	69.781	154.705	205.492	329.063	376.641	388.017	109.16	111.515	205.608	249.218	288.108
34.68	40.945	159.172	202.419	333.86	397.995	393.254	112.219	109.07	205.955	254.298	296.332