Host-name=AM1
Guest=H3K4 H3K4ac H3K4me1 H3K4me2 H3K4me3 H3K9me3 H3R2me2a H3R2me2s
Indicator-direct=0.25e-6
Host-comp=5.0e-7
Indicator-comp=0.25e-6
Host-direct=0 0.25 0.5 0.75 1 5
H3K4=0 0.5 1.5 10 25 50
H3K4ac=0 0.5 1.5 10 25 50
H3K4me1=0 0.5 1.5 10 25 50
H3K4me2=0 0.5 1.5 10 25 50
H3K4me3=0 0.5 1.5 10 25 50
H3K9me3=0 0.5 1.5 10 25 50
H3R2me2a=0 0.5 1.5 10 25 50
H3R2me2s=0 0.5 1.5 10 25 50
518.675	118.217	135.6	145.195	197.285	248.479	288.75	192.853	260.107	408.757	436.199	445.41
539.596	127.086	134.237	150.358	196.465	246.335	283.595	204.17	266.612	402.639	447.418	461.728
384.048	327.859	132.415	135.697	168.345	200.943	241.271	165.819	215.076	364.772	403.717	433.055
171.569	168.921	131.049	132.794	167.844	193.43	233.966	161.829	222.857	354.81	405.739	434.065
102.771	105.645	150.965	176.191	282.597	352.126	397.154	156.317	185.887	320.94	390.671	418.057
79.792	77.066	147.583	187.544	300.831	356.499	391.287	154.082	189.128	347.871	462.107	416.321
64.879	66.216	160.396	235.167	379.216	433.194	455.039	143.548	158.119	245.547	305.048	360.363
36.945	35.665	165.305	228.383	371.712	425.768	451.316	140.31	159.357	240.601	307.703	359.429